7067200254612868354
7049025156345236738
7024500406617165058
7066013794438270209
7041339023599635714
7034158535705398530
7027821533359885570
7060894335717395714
7050515536874163458
7016353598539844866
7067582400011734274
7052317927504203010
7023282503620300034
7005511067140885762
7057179588895460609
7027355272549043457
7060425467358153985
7063039490763410689
7061959731220352257
7030872841532738818
7038982343687703810
7056690085571382530
7047130338178469121
7059079641734204674
7028627101095824642
7066040029545516290
7015998843556744449
7019431712610389250
7040448639004609794
7055688650452913410
7022355831320628482
7022009020785446145
7053388263339379969
7012178757775592706
7018573347176893698
7039010410044951810
7062334574767983873
7038135135560011009
7037414805388414209
7063582246090951938
7015927678624615681
7042277499211926786
7047895208121519362
7028884119736126721
7034171532486249730
7033702463517527298
7052667754423323905
7038683651546090753
7034958554129878273
7037360623105150210
7070393881396792577
7064557439433051394
7037803795295898881
7016312761332305153
7041172442143919362
7060412300469046529
7034895547400064257
7016643460186787074
7026406580715277569
7061983890163895554
7049399105256197378
7043086316711595266
7071632240437988610
7071663171429305601
7071616338602593537
7070925020800847105
7013985237638089985
7043807555075853569
7030452051213651201
7024404920359013634
7054473232803564802
7069623508925451526
7052302682190515458
7020711891722947842
7065232651648601346
7029692624495774977
7006322176592858370
7054943203467824385
7062692275951848706
7040550346707455234
7009600946237934850
7047052634720701697
7032742490377637122
7016867554010434818
7029946179228142849
7016759943042796802
7015887346507746561
7052260933623631106
7043779863215426818
7019929064081198337
7019676590770572546
7020020722709957890
7038579070585605378
7030814774115994881
7016312757322616065
7007387769341283585
7034385475062287618
7032265378218691842
7064933322815737089
7021538068259785986
7068005338267520257
7062293196524506369
7064475855845641474
7061247694295026946
7029569736665025793
7021546344829488385
